population	range	treatment	number	block	time	family	leafnumber	rosdiam	flwtime	height	branchnumber	branchlength	fruits	lobes	leaflength	fruitmass	seednumber	vegbiomass	repallocasin	relfitasin	vegpc1	vegpc2	reppc1	reppc2
nv04	Invasive	750	2	1	0	287	13	25.8	117	57.2	4	13.1	27	9.5	11.45	0.0208	18	0.8384	0.68588535	0.439719199	-0.515232821	-0.31907803	-0.325138853	-0.378989305
nv04	Invasive	450	3	1	0	287	16	34.8	47	27.5	2	2.2	6	13.5	17.9	0.03167	17	1.80998	0.313339158	0.202041803	-1.481398013	-3.249609884	0.099797846	0.730046538
nv04	Invasive	250	4	1	0	287	16	24.8	47	11.8	1	1.8	1	14.5	14.25	0.03167	20	0.96833	0.17891365	0.082015107	-0.020169908	-4.170300298	0.423157418	0.446717479
az04	Invasive	250	5	1	0	26	9	21.3	200	41.5	5	7.6	13	13	13.85	0.00727	4	2.00549	0.213767617	0.299851431	-0.354409492	-0.969797501	2.828715685	0.44321745
az04	Invasive	750	6	1	0	26	10	24.6	119	63.9	2	14.6	26	9.5	11.8	0.01697	18	0.75878	0.651486323	0.430943202	-0.114309548	-0.472476958	-0.023894174	-0.450914223
pk03	Landrace	450	8	1	0	65	13	5.8	51	20.1	2	1.2	0	0	14.4	0.0243	17	0.1	0	0	2.860435317	-2.36561128	1.371625407	0.696105593
pk02	Landrace	250	9	1	0	169	15	16.5	109	25.7	3	2.1	8	9	9.2	0.00633	17	1.14936	0.206899365	0.23383904	0.77953056	-1.985647613	1.934144629	-0.316525638
pk02	Landrace	750	10	1	0	169	13	5.8	101	54.3	6	17.1	47	2	10.35	0.03167	11	0.51151	1.040577359	0.596363131	1.405077196	0.982445549	-1.535196068	0.822833326
pk02	Landrace	450	11	1	0	169	15	23.5	110	37.5	4	8.3	17	7.5	12	0.01887	9	0.47921	0.685726859	0.344555116	0.193832893	-1.362463227	0.427015796	1.125154989
ma01	Native	450	12	1	0	5	13	26.1	183	50.8	7	13.8	28	16	10.8	0.01817	14	1.29124	0.56053943	0.448369509	-1.043077463	-0.221462444	0.515773502	-0.752244339
ma01	Native	450	13	1	0	5	13	24.5	185	46.1	5	17.5	32	15	13	0.00577	5	1.61536	0.326022569	0.48185929	-1.125458102	-0.392015815	2.225078514	0.143215551
ma01	Native	750	14	1	0	5	12	28.3	142	59.7	4	15.2	33	16.5	14.1	0.02167	15	0.78489	0.762129766	0.48998529	-1.303132953	-0.574360854	-0.36071069	-0.291303191
ma01	Native	250	15	1	0	5	10	13.2	47	23.8	2	1.8	17	14.5	9.55	0.02113	9	0.54079	0.68382316	0.344555116	1.360766459	-2.543130621	0.06557207	1.777926141
nv04	Invasive	250	16	1	0	19	15	24.6	143	51.6	6	2.4	21	17	12.05	0.01883	14	0.70457	0.642961251	0.384849046	-0.854789141	-1.367340284	0.290436252	-0.075622294
nv06	Invasive	750	17	1	0	69	15	59.5	215	29.3	2	2.5	6	4	10.35	0.0243	17	0.0042	1.402673432	0.202041803	-0.083735991	-3.491571491	-0.795339915	-0.258513901
ma01	Native	750	18	1	0	5	17	29.3	12	63.8	4	22.3	33	20.5	14.55	0.0126	14	2.2842	0.403270232	0.48998529	-2.464180901	-0.124156998	0.370489929	0.714952296
nv06	Invasive	250	19	1	0	50	15	20.8	132	30.6	2	2.6	12	13	11.25	0.0066	5	1.5208	0.224363597	0.287744585	-0.004632629	-2.349037791	2.520866421	1.089662001
nv06	Invasive	450	20	1	0	50	16	33.2	125	54.2	5	10.7	26	12.5	16.05	0.02307	16	1.40018	0.579541538	0.430943202	-1.89401406	-0.924974242	-0.100493078	-0.253431349
nv06	Invasive	750	21	1	0	50	14	27.1	115	66.7	3	18.1	31	14	12.85	0.01707	16	1.27083	0.573055911	0.473640497	-1.326257887	-0.176569411	0.1004936	-0.298956671
pk02	Landrace	250	22	1	0	87	13	30.1	124	50.3	4	7.8	21	4	3.7	0.01197	14	1.24863	0.421758362	0.384849046	0.685108601	-0.141964963	1.019212213	-0.127679205
nv04	Invasive	250	24	1	0	19	18	25.1	128	44.1	5	2.6	19	15	13.05	0.00797	5	1.34857	0.323336094	0.365155895	-1.131080432	-1.62718227	2.04834759	1.078284743
ca02	Invasive	250	25	1	0	15	15	24.4	144	24.3	3	3.3	8	14.5	13.4	0.0076	5	1.7392	0.184838022	0.23383904	-0.575855793	-2.487451161	2.675423555	1.045173132
utp	Landrace	250	26	1	0	199	7	23.5	47	57.6	3	14.8	20	2.5	9.55	0.0204	10	0.192	0.96953211	0.375106529	1.387276489	-0.008657147	-0.530370153	1.802018803
utp	Landrace	450	27	1	0	199	7	27.3	47	32.5	3	10.7	15	4	8.4	0.03957	10	0.20645	1.037936762	0.32286746	1.543347873	-1.142573536	-1.42975777	2.133950223
utp	Landrace	750	28	1	0	199	9	23.5	51	40.7	4	16.8	21	2	20.3	0.02057	10	0.06803	1.193010736	0.384849046	0.408503995	-0.977689007	-0.947699674	1.936906352
az01	Invasive	250	29	1	0	24	14	29.6	190	24.4	1	1.8	16	3.5	5	0.02133	10	0.55872	0.663390984	0.333860465	1.608964798	-2.740414193	0.653535719	0.089333231
pal	Native	750	30	1	0	62	14	25.2	197	93.7	3	37.1	39	13	12.45	0.01537	10	1.20057	0.615143793	0.537057743	-1.651623747	1.449755611	0.665536577	-0.523332898
az01	Invasive	250	31	1	0	1	15	24.6	49	25.1	2	2.3	28	11	15.15	0.01563	10	1.76236	0.462305347	0.448369509	-0.428254638	-2.835808292	0.496586791	1.14810335
ca02	Invasive	750	32	1	0	15	12	41.2	116	65.3	4	18.2	39	13.5	13.5	0.0202	17	1.3122	0.659205572	0.537057743	-1.94929467	-0.346127864	-0.411025485	-0.469038961
utp	Landrace	250	33	1	0	199	7	26.3	79	24.8	1	10.4	12	2	5.35	0.03167	20	0.11996	1.058917303	0.287744585	2.681544716	-1.922686206	-1.445083562	0.495813062
nv04	Invasive	450	35	1	0	109	12	17.8	123	37.4	5	7.8	20	9	8.6	0.00926	14	0.6148	0.501959761	0.375106529	0.721851243	-0.765693468	1.081190667	-0.062873035
ma01	Native	750	36	1	0	29	17	20.6	148	51.4	4	14.4	29	15	10.6	0.00467	6	1.16457	0.328648864	0.456901867	-0.841940167	-0.397098495	2.147983507	0.446742761
ma01	Native	250	37	1	0	29	8	16.4	47	31.5	5	7.2	22	12.5	7.75	0.0234	13	0.9852	0.625907203	0.394399469	1.059264291	-0.911508146	-0.272895274	1.069942147
ma01	Native	450	38	1	0	29	11	24.6	158	49.8	5	8.9	18	14	12.85	0.0036	5	1.1352	0.234522929	0.354978993	-0.662268391	-0.800368241	2.754041658	0.610556315
nv04	Invasive	750	39	1	0	109	10	24.5	122	63.8	4	12.3	27	12	12.3	0.01527	17	0.68771	0.658860856	0.439719199	-0.430046769	-0.283206192	0.105825448	-0.383474533
ca02	Invasive	450	40	1	0	15	19	31.3	123	65.6	5	15.6	26	14	12.45	0.01617	13	2.77958	0.370911948	0.430943202	-2.161933157	0.001727696	0.795868276	-0.070327436
ca02	Invasive	250	42	1	0	171	18	25.4	149	29.5	2	1.2	11	9.5	11.65	0.00773	8	1.51497	0.232621581	0.275167864	-0.207158099	-2.628587912	2.333957221	0.46678701
ca02	Invasive	750	44	1	0	145	12	27.6	123	45.4	5	15.2	22	6.5	12.45	0.0139	9	0.4942	0.66653166	0.394399469	-0.227034744	-0.460097522	0.699077597	0.808767627
pal	Native	450	45	1	0	62	24	29.1	148	75.6	3	10.4	11	12.5	14	0.0082	8	2.5098	0.187352838	0.275167864	-2.270791024	-0.439352222	2.374103785	0.446471654
ma01	Native	250	46	1	0	34	15	24.6	49	25.7	25	1.8	8	13	7.7	0.00937	17	0.62504	0.333380785	0.23383904	-0.060079242	-1.106805981	1.235929907	0.438285461
es01	Native	250	48	1	0	8	12	19.6	227	61.4	5	13.2	30	11	5.55	0.016	14	1.52	0.511972688	0.465323358	0.200448281	0.558254141	0.897205818	-1.38918197
az01	Invasive	450	51	1	0	108	14	23.7	129	55.4	5	11.2	31	11.5	12.5	0.01493	16	0.93717	0.612569985	0.473640497	-0.753995717	-0.424906074	0.215226719	-0.442726684
az01	Invasive	250	52	1	0	108	12	24.3	152	57.6	4	4.9	26	10.5	9.75	0.0205	15	0.067	1.230076498	0.430943202	0.446298287	-1.082539553	-0.966360144	0.105378815
pal	Native	250	53	1	0	52	11	17.7	12	41.1	2	6.8	4	10	8.8	0.0077	4	1.5692	0.139193408	0.164588478	0.685828499	-1.203785472	2.456544687	2.610491916
pal	Native	450	54	1	0	52	16	24.3	134	45.6	3	5.4	7	13	11.8	0.0036	4	1.0748	0.151941444	0.218482443	-0.620042862	-1.491742241	3.151667559	1.265320014
nv04	Invasive	250	57	1	0	9	15	12.7	51	22.5	1	2.5	1	9	8.75	0.03167	20	0.76833	0.200302791	0.082015107	1.481254723	-2.760515693	0.398852707	0.428263843
pk02	Landrace	750	58	1	0	6	13	27.3	119	52.1	5	16.6	6	2.5	28.45	0.04353	11	1.53882	0.390791043	0.202041803	-0.355974173	-0.540158974	-0.264684711	-1.059027827
pk02	Landrace	750	58	1	7	6	22	24.3	12	36.4	5	6.3	33	9	13.35	0.04353	11	0.36351	1.104715648	0.48998529	-1.830111523	-0.709602245	1.613335187	-0.617444006
az04	Invasive	450	59	1	7	17	13	25.2	119	55.3	4	15.3	27	11.5	12.8	0.01933	17	1.07809	0.60788636	0.439719199	-0.839279986	-0.343559633	-0.048128001	-0.350889762
az04	Invasive	250	60	1	7	17	13	24.2	128	40.6	5	2.4	13	11.5	11.75	0.01013	12	1.46831	0.29097947	0.299851431	-0.333602876	-1.479441955	1.685478292	0.148690565
az04	Invasive	750	61	1	8	17	13	24.3	141	66.8	4	13.3	34	8.5	12.1	0.01847	17	0.17202	1.088620665	0.498023649	-0.201614961	-0.221634042	-0.896051854	-0.317584955
es02	Native	450	64	1	8	43	12	19.8	219	57.1	4	19.8	39	12.5	9.45	0.02293	16	1.90573	0.600601787	0.537057743	-0.429387231	0.37843218	0.063435725	-1.564119973
az04	Invasive	750	66	1	8	36	15	35.5	119	68.3	4	19.8	40	14.5	16	0.0185	17	2.06	0.539943189	0.544660518	-2.424029673	-0.188602778	-0.107587919	-0.636305678
nv04	Invasive	750	67	1	8	9	12	28.8	124	67.2	4	18.2	40	12.5	14.8	0.01803	16	1.0788	0.685399523	0.544660518	-1.383941084	-0.086183662	-0.27135279	-0.439664684
nv04	Invasive	250	68	1	8	9	12	32.8	142	27.6	5	2.2	13	16.5	16.4	0.00707	5	1.20809	0.26913193	0.299851431	-1.198945637	-2.626139082	2.418896319	0.99749357
ca07	Invasive	250	69	1	8	64	10	35.6	131	68.6	4	16.6	26	10.5	17.55	0.013	14	0.862	0.559453127	0.430943202	-1.602037405	-0.399521156	0.634221198	-0.17253621
es01	Native	450	70	1	8	22	24	24.3	140	55.5	5	15.3	23	13	9.8	0.00717	4	2.23509	0.265229441	0.403772023	-1.577441223	-0.010170518	2.24871154	0.973492115
az01	Invasive	750	71	1	8	1	15	34.2	102	80.8	5	24.9	59	14	14.7	0.02717	19	1.09697	0.879670536	0.680605821	-2.283157885	0.533394707	-1.615734906	-0.61571215
az01	Invasive	450	72	1	8	1	11	21.4	121	58.3	4	13.6	34	13	9.3	0.01817	15	0.98222	0.670502161	0.498023649	-0.159355275	-0.077436707	-0.114180787	-0.186696701
az01	Invasive	750	74	1	8	91	11	34.6	147	78.4	4	34.3	38	10	17.15	0.01497	14	0.63114	0.759436499	0.529391781	-1.862673729	0.684265338	0.008174143	-0.366082791
az01	Invasive	250	75	1	8	91	8	16.5	184	60.5	6	9.7	25	8.5	12.05	0.02043	14	1.28925	0.561766322	0.422033045	0.311394589	0.190587521	0.451654849	-0.684868855
az01	Invasive	450	76	1	10	91	12	27.7	95	72.2	5	15.8	48	12.5	15	0.02003	15	0.63856	0.886995855	0.603564178	-1.281354058	-0.011527626	-0.937930537	0.078240376
az01	Invasive	250	77	1	10	1	15	23.9	142	29.5	3	2.3	6	13	8.8	0.0243	23	1.3542	0.317054414	0.202041803	0.052116892	-2.092174038	0.532536298	-1.083601613
es02	Native	450	78	1	10	38	26	20.6	177	35.2	5	5.5	26	12	10.05	0.01237	12	1.57838	0.42402117	0.430943202	-0.887028849	-1.27810947	1.226321996	-0.547116301
es01	Native	250	79	1	10	22	17	26.3	244	55.1	5	14.1	33	13.5	10.55	0.01697	15	2.83999	0.4179014	0.48998529	-1.406379139	-0.096388207	0.986624901	-1.859864972
az04	Invasive	450	80	1	10	36	15	33.7	135	46.6	5	9.3	17	15.5	18.6	0.0086	10	2.6538	0.230541217	0.344555116	-2.33651881	-1.370744267	1.947967764	0.193240858
pk03	Landrace	750	81	1	10	235	27	29.6	122	47.3	13	19.6	24	5.5	17.5	0.01983	11	1.52408	0.509580903	0.412979414	-2.343195796	0.136964523	0.481727065	0.417465841
pk03	Landrace	250	82	1	10	235	21	25.8	123	23.8	5	3.8	5	8	10	0.0032	3	1.684	0.097167077	0.184226143	-0.405226101	-1.79039872	3.384470465	1.580791025
ma01	Native	750	83	1	10	116	17	30.3	192	59	11	44.3	67	16.5	12.75	0.02453	16	1.55649	0.798996715	0.73497718	-2.474647109	1.411521061	-0.908772399	-1.444525736
ma01	Native	450	84	1	10	116	15	25.6	148	47.5	5	12.5	36	18	11.7	0.0128	10	1.0392	0.587469152	0.513856276	-1.179989189	-0.768124477	0.703252141	0.049145274
ma01	Native	750	85	1	10	116	15	24.6	144	49.1	5	9.8	21	14.5	12.15	0.00927	10	1.30533	0.368535781	0.384849046	-1.009510733	-0.756289286	1.601860216	0.133935848
pk02	Landrace	450	86	1	10	14	11	28.2	153	52.7	7	10.1	23	8.5	15.05	0.00703	6	0.33831	0.604882105	0.403772023	-0.566230073	-0.637096808	1.580709296	0.77497461
pk02	Landrace	750	87	1	10	14	10	23.2	141	38.1	8	15.6	40	9.5	13.1	0.01503	10	0.2988	0.956731541	0.544660518	-0.005936803	-0.473204055	-0.195805717	0.405178532
es02	Native	450	89	1	10	119	14	11.8	189	58.5	6	15.5	38	11.5	12.5	0.02227	16	1.15374	0.70822208	0.529391781	-0.302216193	0.386967724	-0.219789841	-1.097114112
es02	Native	250	90	1	10	119	7	5.8	205	23.8	25	2.5	7	8.5	8.85	0.00797	6	0.04421	0.843428354	0.218482443	2.484931017	-0.681753858	1.71048354	0.756385723
utp	Landrace	750	92	1	10	216	8	27.4	109	60.2	4	11.8	25	10	13.2	0.0286	9	0.585	0.835481874	0.422033045	-0.23451763	-0.464389875	-0.507418907	1.192165134
ca07	Invasive	450	94	1	10	64	10	35.2	137	50.5	6	7.5	27	14	18.75	0.0113	13	1.5949	0.412305873	0.439719199	-1.793442632	-1.299878994	1.069118809	-0.266260449
ca07	Invasive	450	95	1	10	60	14	41.3	151	37.3	7	11.3	34	17.5	19.35	0.00983	10	2.56578	0.346366525	0.498023649	-2.791051501	-1.600038694	1.385328561	-0.194896853
es02	Native	450	97	1	10	119	15	24.8	199	58.5	7	11.5	43	12.5	12.6	0.0238	15	1.5766	0.678194056	0.567121371	-1.225349785	-0.100746263	-0.227944003	-1.172513236
pk03	Landrace	450	98	1	10	68	18	28.8	94	58.8	5	14.3	28	3	11.9	0.03697	11	0.66484	0.895196139	0.448369509	-0.590392453	0.035416112	-1.215102719	1.122226453
pk03	Landrace	750	99	1	10	68	15	18.3	111	47.1	6	7.7	20	0	9.1	0.00497	3	0.0106	1.255156315	0.375106529	1.932525844	-0.281759724	0.671317248	2.342860775
pk03	Landrace	250	100	1	10	68	9	12.4	76	20.1	2	2.3	22	5	11.55	0.0243	11	0.0654	1.234332277	0.394399469	2.401147254	-2.620505526	-1.197250473	1.601385651
pal	Native	450	101	1	10	18	9	42.1	186	93.7	21	2.5	30	0	3.7	0.0033	2	0.901	0.320080164	0.465323358	0.537440272	1.558088343	2.72520586	0.662543019
pal	Native	750	102	1	10	18	15	25.8	164	95	3	32.6	29	11	12.8	0.00937	6	2.12827	0.343179655	0.456901867	-1.793784081	1.416444046	1.802617127	0.346431599
az04	Invasive	750	105	1	10	63	10	34.5	140	65.5	5	18.3	34	11.5	20.3	0.00633	6	1.38478	0.375523348	0.498023649	-2.050175784	-0.336629434	1.788911174	0.519414803
pk03	Landrace	450	106	1	10	85	8	41.8	160	55.1	8	11.5	29	17	19.2	0.01023	12	2.30333	0.344570664	0.456901867	-2.415647561	-0.881505256	1.381148076	-0.496705563
pk03	Landrace	250	107	1	10	85	6	20.5	183	41.8	5	6.3	13	5	8.45	0.02327	14	0.29749	0.789581546	0.299851431	1.715170675	-0.635668508	0.154803112	-0.19624777
pk03	Landrace	750	108	1	10	85	10	28.4	131	66.2	4	14.6	35	9.5	14.25	0.0129	13	0.9485	0.60394113	0.505979156	-0.817175543	-0.159756929	0.449588261	-0.155022835
pk03	Landrace	250	110	1	10	65	11	25.3	101	36.6	4	3.6	11	8	11.7	0.0187	11	0.7943	0.470735172	0.275167864	0.262386344	-1.59580272	0.823932747	0.88669245
pk03	Landrace	750	111	1	10	65	16	27.3	88	49.5	4	22.6	28	5.5	13.8	0.019	9	0.668	0.728609482	0.448369509	-0.780434857	-0.122866556	0.027737891	1.177244492
pal	Native	250	112	1	10	18	9	16.5	186	60.2	2	9.1	21	10	8.15	0.01883	10	0.30457	0.850481799	0.384849046	1.148533854	-0.605744202	0.323585586	0.165028832
es01	Native	450	113	1	10	48	13	24.2	186	34.1	6	9.3	29	13.5	9.2	0.0145	11	1.4795	0.489791738	0.456901867	-0.324481593	-0.887549179	1.011442042	-0.485314138
az04	Invasive	450	114	1	10	63	11	41.2	176	66.3	8	23.4	47	16.5	16.2	0.01373	15	2.65469	0.45805968	0.596363131	-2.761885023	0.261010154	0.561389314	-1.247925292
ma01	Native	750	115	1	10	292	24	5.8	12	52.3	5	14.5	22	2.5	3.7	0.00703	12	0.44534	0.532521459	0.394399469	1.522767656	0.974720712	0.854508303	1.229288399
nv06	Invasive	450	116	1	10	113	9	34.9	166	62.7	7	16.5	41	11	17.2	0.03427	20	1.59493	0.753733669	0.552203359	-1.694113808	-0.077576019	-1.21830294	-1.249425017
ca04	Invasive	450	117	1	10	272	8	31.6	169	67.1	6	22.6	52	10.5	15.55	0.03283	17	1.29284	0.854672917	0.631996165	-1.274126179	0.433152425	-1.34476136	-0.983634434
pal	Native	750	118	1	10	107	16	20.1	158	109.5	4	30.2	62	13	9.5	0.0217	10	1.6546	0.733773154	0.701106852	-1.438628143	2.05791503	-0.420285136	-0.223896282
ca07	Invasive	750	120	1	10	296	10	19.5	158	69.8	6	16.8	56	15	9.3	0.02813	18	1.42472	0.810502042	0.659924282	-0.455447363	0.734689416	-1.20691743	-1.119207679
ca07	Invasive	450	121	1	10	296	10	33.2	162	76.8	6	23.7	53	11	16.55	0.03153	19	1.62891	0.791789247	0.639020922	-1.888099516	0.632146574	-1.317816494	-1.240771053
es01	Native	750	122	1	10	48	16	18.2	172	52.3	9	17.2	44	13.5	8.9	0.02	16	1.22	0.704087875	0.574502207	-0.628190357	0.523516429	-0.266506766	-1.013545578
ca04	Invasive	750	124	1	10	147	10	22.8	161	69.6	6	18.8	48	16	8.8	0.02723	16	1.49296	0.752173719	0.603564178	-0.678204519	0.762875015	-0.830058514	-0.835203494
ca04	Invasive	250	125	1	10	147	6	17.3	173	64.8	5	4.6	20	12.5	11.6	0.02053	13	0.6894	0.65727329	0.375106529	0.594896787	-0.398732797	0.378867193	-0.235346933
ca04	Invasive	450	126	1	10	147	7	8.5	180	43.2	2	12.2	13	4	5.55	0.023	13	0.201	0.884036726	0.299851431	2.866347219	-0.259655449	0.037206235	0.055422025
pal	Native	250	127	1	10	107	6	12.4	166	93.7	13	25.5	120	4	3.7	0.00633	17	16.2404	0.212988702	1.11389446	0.444107119	3.837197965	0.490169648	-2.571791778
pal	Native	450	128	1	10	107	11	20.4	165	70.2	3	21.5	40	12	9.25	0.02043	12	1.6828	0.608618054	0.544660518	-0.380007589	0.638017494	0.120076276	-0.398446174
nv04	Invasive	250	169	2	10	287	17	34.5	141	39.5	5	4.2	9	15	17.75	0.00937	17	1.81567	0.212266025	0.24831354	-2.078164035	-2.051502677	1.7905467	-0.650323972
nv04	Invasive	250	170	2	10	287	10	19.6	217	55.2	6	14.4	32	6.5	8.3	0.02977	12	0.84736	0.814659308	0.48185929	0.554308156	0.476047435	-0.336295309	-0.632235379
nv04	Invasive	750	171	2	10	287	13	30.4	117	81.3	3	24.2	39	15.5	16.25	0.01983	16	2.02663	0.553362323	0.537057743	-2.218547563	0.267007412	-0.147017998	-0.441161236
az04	Invasive	450	172	2	10	26	13	32.7	121	70.1	5	18.3	45	15	16.05	0.0195	18	1.4225	0.665782188	0.58183447	-2.099279997	-0.074503987	-0.508681827	-0.748289626
az04	Invasive	750	173	2	10	26	10	27.8	119	72.7	4	22.4	39	12.5	13.4	0.02883	15	1.17563	0.774253762	0.537057743	-1.148169838	0.421397578	-0.93573411	-0.057171326
pk03	Landrace	750	174	2	10	65	20	16.2	47	39.2	2	34.4	20	0	9.2	0.03887	10	0.0226	1.401917367	0.375106529	1.545603169	0.201658835	-2.167311702	2.32949497
pal	Native	750	175	2	10	52	12	28.5	103	66.3	3	13.4	13	11.5	14.05	0.00823	7	0.99301	0.317161809	0.299851431	-1.045011916	-0.494763161	1.953510942	1.159536479
pk03	Landrace	450	176	2	10	65	19	20.4	47	36.6	12	16.5	21	3	8.65	0.03097	9	1.14963	0.64487209	0.384849046	0.029615572	0.5008585	-0.432038427	1.749202203
pk02	Landrace	450	177	2	10	169	9	26.8	101	59.4	5	16.2	44	9	13.55	0.02507	10	1.49692	0.70936703	0.574502207	-0.655002325	0.07778932	-0.529399424	0.673074984
pk02	Landrace	250	178	2	10	169	9	28.1	125	49.1	4	7.6	10	8.5	13.1	0.00973	6	1.0027	0.301981986	0.262052868	-0.185983877	-0.962114248	2.101093125	1.165736225
pk02	Landrace	750	179	2	10	169	11	7.1	98	54.3	4	17.3	32	5	5.55	0.02817	10	0.19856	1.131985106	0.48185929	2.022219499	0.761215725	-1.250339399	1.284351597
ma01	Native	750	180	2	10	5	16	27.8	138	59.5	5	23.4	33	17	13.3	0.01657	16	1.95319	0.486663508	0.48998529	-1.981951097	0.142013186	0.34691843	-0.666927367
ma01	Native	450	181	2	11	5	15	28.1	156	52.8	5	13.7	15	15	13.95	0.00723	9	1.89155	0.23502019	0.32286746	-1.630705461	-0.545861437	2.241714399	0.131150176
ma01	Native	250	182	2	11	5	9	27.7	194	42.1	5	8.5	20	17.5	13.3	0.00913	9	1.6174	0.324150293	0.375106529	-0.852208707	-1.185517916	1.994154136	-0.324047433
ma01	Native	750	183	2	11	5	13	12.4	126	91.3	25	1.8	120	2.5	2.85	0.03167	17	5.0996	0.712147657	1.11389446	0.801487718	2.327796004	-2.050941956	-1.418798123
ca02	Invasive	750	185	2	11	15	10	23.6	111	56.3	3	4.3	14	11.5	12.8	0.02737	15	1.21682	0.511372468	0.311543833	-0.21081688	-1.173970886	0.060843261	0.26483382
nv06	Invasive	750	186	2	11	50	16	5.8	109	81.8	4	22.6	60	4	2.85	0.02043	18	2.6742	0.595148239	0.687457607	1.10553815	2.403612895	-0.701059404	-0.879519379
pal	Native	250	187	2	11	52	10	20.4	120	38.1	2	2.9	8	10	9.6	0.00473	5	0.36216	0.312639368	0.23383904	1.064585457	-1.993294244	2.592623313	1.376016307
pk02	Landrace	750	188	2	11	87	16	34.8	101	80.7	4	25.6	55	14.5	17.9	0.02323	18	2.02235	0.671584513	0.652983284	-2.860247252	0.301035615	-0.947030656	-0.634321973
pk02	Landrace	250	189	2	11	87	15	30.4	122	58.1	4	8.5	24	16	13.35	0.01757	18	2.27832	0.406278317	0.412979414	-1.701806926	-0.886333385	0.433658267	-0.648532797
pal	Native	450	190	2	11	52	12	20.1	119	59.5	3	21	28	13.5	10.75	0.0158	11	0.8576	0.622858154	0.448369509	-0.400786393	0.059878812	0.416963715	0.430233455
nv04	Invasive	750	192	2	11	19	9	22.4	109	91.3	25	1.8	27	14	11.5	0.02773	15	1.25129	0.658391768	0.439719199	-0.823359107	0.762436559	-0.506754394	0.146473538
ca02	Invasive	450	193	2	11	15	13	40.2	118	83.8	4	22.8	51	16	18.05	0.0223	17	4.3627	0.472072053	0.624939998	-3.222960245	0.255632067	-0.363629659	-0.809087378
pal	Native	750	194	2	11	62	16	25.4	138	87.9	3	25.4	27	12	14.6	0.0126	9	1.4598	0.449750992	0.439719199	-1.817120489	0.720067957	1.136453859	0.346332546
pal	Native	250	195	2	11	62	15	24.3	174	62.1	4	12.8	148	13.5	12.5	0.0082	8	1.0864	0.813064453	1.48878122	-1.079264706	-0.345502098	-0.506042488	-1.128617458
pal	Native	250	196	2	11	62	11	18.5	177	70.5	4	15.3	50	8.5	10.3	0.0164	9	1.88	0.583673754	0.617850572	-0.162810514	0.630168395	0.453309816	-0.316202377
utp	Landrace	750	197	2	11	199	8	19.4	47	33.3	2	14.6	17	2.5	4.3	0.03183	9	0.00889	1.443315023	0.344555116	2.946077284	-0.865233564	-1.816419128	2.520677372
utp	Landrace	450	198	2	11	199	12	26.4	48	40.5	1	29.5	17	6	11	0.022	10	0.426	0.752875234	0.344555116	0.319299982	-0.884049997	-0.15616827	1.687955719
utp	Landrace	250	199	2	11	199	6	21.1	76	41.2	1	18	14	5.5	11.05	0.04933	10	0.20938	1.067481085	0.311543833	1.617898185	-1.254230616	-1.735337645	1.975758309
ma01	Native	250	200	2	11	29	15	22.1	172	35.1	5	8.7	15	16.5	8.85	0.01347	14	2.19795	0.294384437	0.32286746	-0.582481821	-0.973845808	1.495725858	-0.637189903
utp	Landrace	750	201	2	11	199	9	23.8	49	41.8	5	22.8	41	2.5	12.1	0.0336	10	0.2224	1.188742462	0.552203359	0.770095357	0.077551318	-1.937277424	1.717770103
es01	Native	250	202	2	11	8	15	23.4	201	59.5	5	13.8	30	13.5	11.3	0.01567	11	2.7299	0.39334869	0.465323358	-1.220261088	0.04814722	1.164950143	-0.752991832
es01	Native	250	203	2	11	8	17	5.8	203	91.3	13	1.8	10	14.5	12.4	0.00443	2	2.8557	0.123912413	0.262052868	-0.766484267	0.853497257	3.477516065	0.735594632
nv04	Invasive	250	204	2	11	109	11	25.4	128	41.6	3	3.1	11	12.5	13.65	0.01443	11	1.04127	0.372232878	0.275167864	-0.292962996	-1.909231046	1.362558879	0.463501138
nv04	Invasive	450	205	2	11	109	12	26.2	122	54.3	3	12.3	28	13.5	12.75	0.01633	12	1.54276	0.49853827	0.448369509	-0.882279018	-0.750484514	0.567892098	0.1546782
ma01	Native	750	206	2	11	29	15	26.3	127	68.9	4	23.4	43	16.5	13.15	0.02713	17	0.93341	0.841031935	0.567121371	-1.63079256	0.199435433	-1.106028948	-0.43218212
ma01	Native	450	207	2	11	29	14	27.3	124	54.6	4	16.5	26	17.5	12.05	0.01557	16	1.49518	0.479784085	0.430943202	-1.402638118	-0.44296892	0.486712604	-0.403631565
es01	Native	750	208	2	11	8	19	23.1	184	70.6	15	21.9	34	16.5	10.9	0.01297	13	3.85902	0.325982539	0.498023649	-2.23386734	1.406593938	1.19676168	-0.987512217
ca02	Invasive	450	209	2	11	145	12	33.3	103	49.6	5	14.6	41	12.5	16.2	0.04877	12	0.20043	1.264179177	0.552203359	-1.155834877	-1.065101475	-2.589969122	1.069682244
ca02	Invasive	750	210	2	11	145	10	20.6	117	55.6	3	26.4	18	4	11.5	0.0163	14	0.2066	0.872640166	0.354978993	0.655970755	0.347656726	-0.024068721	0.445535963
ca02	Invasive	250	211	2	11	145	9	26.8	122	34.3	3	4.3	12	10	11.45	0.006	8	1.428	0.220880712	0.287744585	0.201729152	-1.763791066	2.355402056	0.707746487
ca02	Invasive	750	212	2	11	171	15	35.8	111	71.5	5	27.3	51	17	18.25	0.02927	17	3.70723	0.565443353	0.624939998	-3.184968883	0.300149591	-0.901262578	-0.590475581
ca02	Invasive	450	213	2	11	171	14	28.7	134	41.2	4	5.4	15	14.5	13.8	0.01837	13	1.52445	0.401998879	0.32286746	-1.097398947	-1.641450189	0.895762378	0.083556958
az01	Invasive	750	214	2	11	91	12	27	105	76.1	3	22.3	42	0	3.7	0.03227	17	1.64466	0.737103102	0.559689341	1.016034565	1.703693363	-1.232966201	-0.221956242
az01	Invasive	450	215	2	11	91	13	23.2	102	62.6	2	16.4	23	10	12.25	0.02713	14	1.47601	0.576512859	0.403772023	-0.594607256	-0.347829539	-0.230409297	0.357906302
az01	Invasive	250	216	2	11	91	13	22.7	132	49.8	4	5.3	11	10	12.5	0.0143	17	1.3427	0.329776132	0.275167864	-0.362722372	-1.016403671	1.154199173	-0.442460845
es02	Native	450	217	2	11	38	19	18.3	177	50.3	5	14	30	11.5	9.4	0.0089	3	2.633	0.308288932	0.465323358	-0.785711814	0.066250465	2.135254832	0.657952787
es02	Native	750	218	2	11	38	18	33.6	216	89.8	25	29.78	148	14.5	14.7	0.01673	18	6.42396	0.555599912	1.48878122	-3.576431272	2.21968433	-0.938501021	-3.150551409
pk03	Landrace	450	219	2	11	11	13	5.8	92	53.9	6	13.4	27	0	3.7	0.02847	10	0.83131	0.765824414	0.439719199	2.561196175	1.525513231	-0.539648939	1.126334782
es02	Native	750	220	2	11	43	45	59.5	12	58.9	16	24.5	85	11	28.45	0.03007	16	14.44405	0.398189278	0.856103374	-6.969434052	-0.255330298	-1.394072268	-0.09669181
az01	Invasive	750	221	2	11	108	17	51.4	207	93.5	29	31.5	120	15	20.75	0.0181	23	9.028	0.456014327	1.11389446	-5.17609511	1.787714322	-0.838870757	-3.475266482
az01	Invasive	250	222	2	11	108	14	30.8	133	46.1	3	4.4	10	14	15.1	0.01233	12	1.6767	0.26480912	0.262052868	-1.296022112	-1.859462131	1.684260634	0.175761424
az01	Invasive	450	223	2	11	108	18	33.5	152	35.2	5	9.8	15	14.5	15.65	0.01543	16	2.46855	0.297136691	0.32286746	-2.037032816	-1.545078534	1.179013116	-0.650023545
az04	Invasive	250	225	2	11	17	13	19.8	144	27.8	1	1.4	2	12.5	8.5	0.00633	20	1.28734	0.098844521	0.116117655	0.863723261	-2.885913534	2.36339442	-0.960935916
az04	Invasive	250	226	2	11	17	11	30.1	123	48.5	4	6.4	17	14.5	14.45	0.016	14	0.828	0.520443825	0.344555116	-0.924609929	-1.46670437	0.673597788	0.098323978
az04	Invasive	750	227	2	11	17	14	33.1	105	77.6	4	23.6	47	18	15.4	0.03203	17	1.99459	0.715285762	0.596363131	-2.507341507	0.232528276	-1.260854196	-0.3174864
es02	Native	250	228	2	11	43	7	18.8	219	54.9	4	19.9	33	14	13.9	0.0223	11	0.8641	0.745292672	0.48998529	-0.151691903	-0.039412853	0.19761661	-0.657804783
az04	Invasive	750	230	2	11	36	11	25.7	116	71.2	4	19.6	79	2	10.35	0.00937	23	16.25977	0.210214267	0.815617901	-0.849919466	1.501369542	1.085163626	-0.484769271
az04	Invasive	450	231	2	11	36	13	29.9	133	42.8	5	6.5	15	16	14	0.00443	20	1.53355	0.205229831	0.32286746	-1.28443558	-1.430862252	1.87756765	-1.184525362
pk02	Landrace	750	232	2	11	6	11	22.4	49	46.8	5	14.4	33	13.5	12.6	0.0522	12	0.4774	1.086221036	0.48998529	-0.348477504	-0.586862597	-2.471365536	1.609639524
pk02	Landrace	450	234	2	11	6	14	30.5	51	44.7	5	19.2	34	11	14.55	0.02663	10	0.99458	0.761926386	0.498023649	-1.306753306	-0.55195354	-0.727304814	1.389108437
es01	Native	250	235	2	11	22	11	15.5	123	41.8	4	9.5	30	13	7.6	0.0164	10	1.108	0.587794252	0.465323358	0.606922735	-0.544063098	0.479076856	0.472562472
es01	Native	450	236	2	12	22	14	22.7	120	42	5	7.7	10	14	9.65	0.03167	20	1.8833	0.389162232	0.262052868	-0.505709142	-0.827643334	-0.022358449	-0.454641827
nv04	Invasive	450	237	2	22	9	11	27.8	120	47.8	3	7.6	20	14.5	14.05	0.02047	16	1.6906	0.457307771	0.375106529	-0.911894759	-1.382506444	0.355291693	-0.210310337
nv04	Invasive	750	238	2	22	9	12	25.4	108	71.3	3	16.7	40	12	12.15	0.02347	17	1.3612	0.693047894	0.544660518	-0.920402205	0.054336768	-0.692010914	-0.337838383
es01	Native	750	240	2	22	22	18	20.1	183	61.6	4	15.6	85	13	11.2	0.0054	14	2.341	0.416848611	0.856103374	-1.173125364	0.114812158	0.825974709	-1.834535442
es01	Native	450	241	2	22	8	12	19.3	221	62.5	7	21.4	46	9	8.6	0.0299	19	2.7246	0.617737207	0.589120652	-0.409430279	1.217242032	-0.554142282	-2.012059619
az01	Invasive	750	242	2	22	1	13	22.5	120	65.1	4	20.6	44	8.5	10.1	0.01443	14	0.96508	0.681476563	0.574502207	-0.381322661	0.539135751	-0.031506127	-0.229174874
az01	Invasive	250	243	2	22	1	12	25.6	141	32.1	1	8.1	8	15	13.2	0.01	4	1.32	0.241382962	0.23383904	-0.275438367	-2.593192743	2.44511496	1.332794156
es02	Native	450	244	2	22	251	12	17.5	173	49.1	5	9.2	26	15	8.7	0.0128	14	1.4672	0.444478466	0.430943202	-0.056371283	-0.352325575	1.03886018	-0.755450087
az01	Invasive	450	246	2	22	91	12	27.1	115	49.9	5	13.1	28	17.5	14.9	0.01457	11	2.29204	0.399232236	0.448369509	-1.576448015	-0.702542028	0.875795908	0.269708737
pk03	Landrace	450	247	2	22	235	16	29.8	80	50.6	4	19.2	46	9.5	13.8	0.03947	11	0.18438	1.262298144	0.589120652	-0.894289411	-0.651355178	-2.336620553	1.305953659
pk03	Landrace	250	248	2	22	235	6	14.2	100	31.2	3	6.5	14	0	8.6	0.01787	8	0.14982	0.912203105	0.311543833	3.184452406	-0.839642827	0.163551293	1.634501258
pk02	Landrace	250	249	2	22	14	16	33.3	124	34.5	8	11.6	149	9.5	15.05	0.01183	5	0.03733	1.426283825	1.570796327	-0.756424288	-1.487174543	-1.91495698	0.484791796
pk02	Landrace	250	250	2	22	14	13	24.4	95	38.7	4	5.1	23	11	12.3	0.02123	12	1.01171	0.607174721	0.403772023	-0.273214201	-1.495851202	0.086746146	0.681287053
pk02	Landrace	450	251	2	22	14	13	25.8	93	47.1	5	13.2	79	0	10.35	0.03167	20	14.49807	0.393724388	0.815617901	0.063138344	0.040766225	0.886470441	1.192433716
utp	Landrace	450	252	2	22	216	8	21.5	95	50.5	4	6.6	33	9.5	13.3	0.02963	10	0.32221	1.049679282	0.48998529	0.456428499	-1.030551879	-1.200440709	1.241357325
ca07	Invasive	450	253	2	22	60	13	35.1	153	88.7	21	34.6	12	20.5	14	0.0033	20	1.8604	0.144874202	0.287744585	-3.121370466	1.935006068	2.266490891	-1.412342922
ca07	Invasive	450	254	2	22	60	14	29.7	145	45.1	4	9.5	47	21.5	13.3	0.01453	16	1.41709	0.606821016	0.596363131	-1.59476138	-1.409046306	0.055845479	-0.886119887
ca07	Invasive	750	255	2	22	60	11	21.7	100	65.5	4	26.9	32	17	10.3	0.01623	16	0.98064	0.629105346	0.48185929	-0.803295372	0.608315645	-0.030918732	-0.116584759
pk03	Landrace	750	256	2	22	235	13	21.6	66	33.6	4	11.5	25	2.5	10.3	0.0377	11	0.0575	1.328645169	0.422033045	1.280347914	-0.985272634	-2.075073604	1.835269915
ca07	Invasive	450	258	2	22	64	12	33.6	137	51.8	5	19.2	42	18.5	17.15	0.01543	12	2.75194	0.451798558	0.559689341	-2.362205277	-0.586750497	0.528714522	-0.293870307
ca07	Invasive	750	259	2	22	64	11	26.9	101	47.8	5	23.8	53	14.5	13.45	0.01723	14	1.38681	0.681695393	0.639020922	-1.163248757	-0.094687526	-0.412197126	-0.123764694
es02	Native	750	260	2	22	119	12	15.8	245	60.8	5	29.3	33	11.5	8.25	0.0248	14	0.8816	0.766805644	0.48998529	-0.032501462	1.159316824	-0.000825242	-1.362113355
es02	Native	250	261	2	22	119	15	16.2	196	44.8	6	4.5	26	9	7.35	0.0191	13	0.7034	0.698799186	0.430943202	0.615806531	-0.57197905	0.365802875	-0.606474723
az01	Invasive	450	263	2	22	24	12	42.1	155	51.7	8	16.1	50	18	16.75	0.01643	11	2.2785	0.540752774	0.617850572	-2.700567546	-0.662303307	0.319455711	-0.388299569
pal	Native	450	264	2	22	18	21	31.1	51	49	3	11.1	5	15	15.5	0.00937	20	2.55315	0.13464217	0.184226143	-2.217192135	-1.314240071	1.554700419	-0.040727429
pk03	Landrace	250	267	2	22	68	9	23.8	69	42.7	4	13.8	37	3	12.45	0.03393	10	0.04459	1.38451831	0.521659182	1.135621318	-0.729764293	-2.164502176	1.760243993
pk03	Landrace	750	268	2	22	68	10	13.2	64	50.4	5	16.9	34	0	2.85	0.04173	11	0.08118	1.336008071	0.498023649	2.979118907	1.102859654	-2.426621337	1.732209425
pal	Native	250	269	2	22	18	12	20.1	155	66.5	3	28.1	120	0	3.05	0.01777	10	0.0676	1.39459401	1.11389446	2.169345115	1.528630304	-2.090162932	-0.325476169
pk03	Landrace	450	270	2	22	68	8	23.6	73	48.6	4	22.6	33	8	12.1	0.0257	7	0.1519	1.170443269	0.48998529	0.447535047	-0.145016325	-1.145839878	1.989036997
pal	Native	750	271	2	22	18	13	22.8	154	80.4	3	31.1	21	11.5	10.9	0.0145	8	1.5955	0.411875638	0.384849046	-1.061665092	1.150957161	1.331045872	0.420560702
pal	Native	250	272	2	22	18	10	10.5	49	88.7	25	30.2	38	9.5	3.7	0.00633	20	1.65946	0.363779507	0.529391781	0.325267964	3.525853462	0.637634827	-0.583250326
pk03	Landrace	750	275	2	22	85	14	23.3	101	67.7	5	18.8	33	15.5	11.35	0.02893	14	1.34531	0.700067157	0.48998529	-1.221210238	0.367174585	-0.728962287	0.308501925
pk03	Landrace	450	276	2	22	85	12	27.6	102	31.2	5	15.1	38	17	13.75	0.02247	15	1.94614	0.585028066	0.529391781	-1.197833602	-1.156226591	-0.338479585	-0.076729274
pk03	Landrace	250	277	2	22	85	11	11.7	190	52.5	6	9.5	31	13.5	13.65	0.02217	13	0.91273	0.714706638	0.473640497	-0.026484925	-0.290466016	0.052549615	-0.579877998
pk03	Landrace	250	278	2	22	65	10	19.1	82	36.2	5	9.4	18	6	9.75	0.02463	9	0.00666	1.448838977	0.354978993	1.63209407	-1.091626536	-1.379475905	2.102487111
pk03	Landrace	750	279	2	22	65	12	25.1	82	45.9	6	22.3	29	7.5	10.7	0.0251	9	0.0121	1.442572854	0.456901867	0.441440275	-0.196035476	-1.613485845	1.887492087
pk03	Landrace	450	280	2	22	65	9	19.6	82	45.9	4	16.3	37	6	13.5	0.01893	9	0.39959	0.923898935	0.521659182	0.499823056	-0.352945289	-0.501488039	1.250998944
az04	Invasive	750	281	2	22	63	8	29.4	140	70.8	6	17.4	33	10	14.1	0.01903	15	1.07201	0.653271682	0.48998529	-0.892347747	0.390631309	-0.032297384	-0.3875745
ca04	Invasive	750	282	2	22	80	9	28.4	127	64.6	5	14.8	18	13.5	14.5	0.02003	17	1.03946	0.53224925	0.354978993	-1.053797492	-0.170189913	0.267964216	-0.318536492
ca04	Invasive	250	283	2	22	80	8	15.2	178	41.2	2	4.1	13	11	12.5	0.01867	13	0.55729	0.583329896	0.299851431	1.025426439	-1.758296916	0.798227161	-0.219525155
ca04	Invasive	450	284	2	22	272	6	23.3	127	42.5	1	1.1	16	12.5	10.85	0.0184	12	0.1056	1.031177168	0.333860465	1.535250952	-2.893220112	-0.236195934	0.815052122
pk02	Landrace	250	285	2	22	105	7	25.8	112	17.2	1	1.5	0	12	13.85	0.00633	17	0.5	0	0	1.045654041	-3.843850421	2.729819915	-0.128053692
ca04	Invasive	250	286	2	22	272	8	13.4	178	45.2	5	7.5	14	10	9	0.01873	12	0.53778	0.609571728	0.311543833	1.208904465	-0.439461803	0.775440748	-0.08053194
pk02	Landrace	750	288	2	22	105	11	44.2	112	56.2	8	19.5	38	12	20.65	0.0167	13	2.4654	0.469509073	0.529391781	-2.869613737	-0.408939472	0.328159419	-0.06643096
es01	Native	450	289	2	22	262	9	35.2	140	44.9	3	16.6	24	16	13	0.02097	16	0.99672	0.617797128	0.412979414	-1.046510776	-1.120821196	0.043682075	-0.371066787
utp	Landrace	250	290	2	22	216	7	26.6	113	24.4	3	2.3	0	8	11.1	0.00633	17	0.6	0	0	1.067672975	-2.345987946	2.733978387	-0.138879004
utp	Landrace	750	291	2	22	216	8	32.6	127	47.8	5	19.5	30	10.5	16	0.01183	7	1.4451	0.460096454	0.465323358	-1.08599275	-0.414128057	1.180859431	0.721768304
utp	Landrace	450	300	2	22	216	4	11.3	156	50.2	8	14.4	47	6.5	10.7	0.02873	8	0.14969	1.249390375	0.596363131	1.952806495	0.4613937	-1.373443955	0.809746936
pal	Native	450	301	2	22	194	9	19.2	171	70.2	3	26.3	42	14	10.25	0.01517	13	1.66286	0.55427198	0.559689341	-0.406433706	0.795107841	0.458225016	-0.741474084
az01	Invasive	450	302	2	22	239	6	15.4	160	59.6	6	15.2	33	9.5	10.6	0.02563	18	0.45421	0.938381653	0.48998529	0.885343771	0.467779373	-0.947535186	-0.708765468
az01	Invasive	250	303	2	22	239	6	12.6	194	36.5	1	2.3	9	11	6.9	0.0132	11	0.5812	0.424608345	0.24831354	2.351795022	-2.11675303	1.696718966	-0.218341251
az01	Invasive	750	304	2	22	239	13	30.4	169	88.7	23	28.7	120	15	15.75	0.0346	17	3.148	0.854383949	1.11389446	-2.877527529	1.997095879	-2.24697766	-1.764854435
nv06	Invasive	250	305	2	22	113	4	9.3	182	25.2	2	3.4	8	2.5	3.2	0.01457	15	0.18344	0.672986913	0.23383904	4.229884449	-1.271252836	0.930729232	-0.374811955
es01	Native	450	306	2	22	48	16	19.1	47	93.7	25	39.2	120	11	8.4	0.00633	17	0.1404	1.164762924	1.11389446	-0.948423122	2.959965171	-1.70315067	-0.498686017
es01	Native	750	307	2	22	48	15	20.3	161	53.1	4	24.6	15	14	8.55	0.034	17	0.99	0.62253342	0.32286746	-0.538420986	0.34876805	-0.349828533	-0.436642853
es01	Native	250	308	2	22	48	11	12.6	185	20.1	3	4.6	8	8	2.85	0.01023	13	0.61816	0.348967062	0.23383904	2.356471903	-1.392124119	1.913886801	-0.465110427
ca07	Invasive	450	309	2	22	296	10	29.5	158	93.7	13	34.6	79	16.5	10.65	0.0243	23	0.0803	1.369056016	0.815617901	-1.260950776	1.850367911	-2.56603009	-1.605797154
pal	Native	250	311	2	22	107	8	11.5	47	18.2	2	2.1	6	12.5	10.35	0.0059	2	0.3646	0.302062015	0.202041803	1.887513573	-2.704809947	2.49045142	2.737094394
pal	Native	750	312	2	22	107	13	13.8	156	59.2	2	32.5	16	14.5	8.45	0.01803	9	1.31152	0.438539338	0.333860465	-0.110259342	0.649009104	1.138336618	0.413768974
ca07	Invasive	750	313	2	22	296	9	28.8	134	56.8	5	22.8	39	14	14.85	0.0178	15	0.9058	0.719078875	0.537057743	-1.1452813	-0.034752131	-0.209282462	-0.374638288
ca07	Invasive	250	314	2	22	296	8	10.5	47	12.7	2	7.2	6	5	10.35	0.00627	4	0.16238	0.44860054	0.202041803	2.605839501	-2.270089934	2.054378874	2.493148299
utp	Landrace	250	338	3	22	200	8	25.5	91	37.3	4	6.6	12	6.5	12.95	0.01147	5	0.66236	0.427711015	0.287744585	0.508288744	-1.30964587	0.561035976	1.162110417
az04	Invasive	450	340	3	22	26	15	32.1	109	52.3	3	12.2	57	16.5	14.2	0.0286	18	2.2698	0.703026063	0.666840665	-1.836803129	-1.101349046	-1.260901439	-0.671855738
ma01	Native	750	343	3	22	5	15	25.4	133	62.5	5	21.8	42	19.5	11.95	0.03067	16	2.31186	0.641225285	0.559689341	-1.836730636	0.262046658	-0.82118505	-0.490756537
ma01	Native	250	344	3	22	5	16	26.8	180	36	6	12.5	35	18	12.95	0.01603	10	3.33895	0.389026089	0.505979156	-1.687591409	-0.929130572	1.020701228	-0.440022472
pk02	Landrace	750	345	3	22	169	13	27.4	94	56.4	7	20.3	52	13	13.45	0.04313	11	1.15724	0.94787801	0.631996165	-1.358652964	0.17275779	-1.954803135	0.835082369
pk02	Landrace	250	347	3	22	169	26	17.3	120	36.8	5	4.8	28	7.5	9	0.0113	9	2.5836	0.336629989	0.448369509	-0.437747834	-0.87493069	1.330061712	0.416092244
pk02	Landrace	450	348	3	22	87	16	28.4	120	59.5	4	13.2	39	18.5	12.25	0.02	16	3.12	0.463647609	0.537057743	-1.909541345	-0.443910896	0.01741116	-0.548673285
nv06	Invasive	750	350	3	22	50	10	23.1	86	80.4	2	24.2	41	16	12.35	0.0395	15	1.1805	0.864115799	0.552203359	-0.93250655	0.315861232	-1.730572449	0.424772188
nv06	Invasive	250	351	3	22	50	12	31.1	107	67.6	4	15.4	45	14	15.1	0.0308	18	1.514	0.763322026	0.58183447	-1.669232345	-0.292019826	-1.301951358	-0.4097139
ca02	Invasive	250	352	3	22	15	10	33.1	85	66.2	2	19.6	31	15.5	15.3	0.0377	14	1.7313	0.687779173	0.473640497	-1.602135721	-0.616713557	-1.12250027	0.570552257
ca02	Invasive	250	353	3	22	15	14	30.6	105	75.3	10	30.2	69	15	14.8	0.02683	19	1.94873	0.772573073	0.748451799	-2.4344578	1.213073338	-1.529486486	-0.871552477
pk02	Landrace	750	354	3	22	87	11	23.6	74	56.8	3	23.3	39	15	12.35	0.0334	16	1.1974	0.806444378	0.537057743	-0.842414269	-0.072770618	-1.432248712	0.345990326
ca07	Invasive	450	355	3	22	64	16	26.6	97	60.8	5	10.6	40	18	12.6	0.03007	19	2.5972	0.597535493	0.544660518	-1.785742337	-0.430224068	-0.981322794	-0.504168563
nv04	Invasive	750	356	3	22	109	11	25.2	101	74.1	4	21.9	44	13.5	12.8	0.0341	16	1.4996	0.785531497	0.574502207	-1.186761847	0.52915967	-1.398668564	-0.021012628
pal	Native	750	357	3	22	52	10	13.8	173	68.6	2	23.5	27	11.5	9.15	0.01687	14	0.24451	0.938478459	0.439719199	0.689147373	0.347638313	-0.115224452	-0.307276969
ma01	Native	250	358	3	22	29	15	21.8	146	57.6	5	15.8	29	20.5	10.95	0.0112	12	1.7752	0.404192908	0.456901867	-1.359925972	-0.11138866	1.144933784	-0.272324751
pal	Native	750	359	3	22	62	16	15.7	51	59.5	7	23.9	54	11.5	7.7	0.03317	16	1.80882	0.782948154	0.646016053	-0.474497801	1.200417948	-1.69464594	0.323815687
ca07	Invasive	250	360	3	22	60	8	25.4	87	62.1	2	6.5	26	13.5	12.5	0.03387	15	0.91938	0.774630665	0.430943202	-0.122635996	-1.200399879	-1.064643178	0.547194245
nv06	Invasive	250	361	3	22	69	17	25.5	121	65.5	4	13.6	39	16	13.25	0.02393	18	2.66673	0.534205972	0.537057743	-1.824471471	-0.216383755	-0.408855471	-0.725360263
nv04	Invasive	750	362	3	22	109	14	25.9	87	64.2	4	27.6	43	15	13.7	0.03423	16	1.92811	0.71810401	0.567121371	-1.715779757	0.425074672	-1.323779233	0.083926237
ma01	Native	750	363	3	22	29	18	23.2	108	62.8	4	23.4	43	19.5	12.6	0.0224	17	2.4368	0.561260581	0.567121371	-1.995600076	0.200551832	-0.448706198	-0.506438841
ma01	Native	750	364	3	22	34	14	23.5	110	58	4	21.2	33	19	11.55	0.01853	18	1.98851	0.506320093	0.48998529	-1.431469781	0.034924555	-0.017809893	-0.584244653
az01	Invasive	750	366	3	22	1	11	26.6	110	57.7	4	12.8	46	14	13.75	0.0366	19	1.2164	0.866302465	0.589120652	-0.995118118	-0.550070337	-1.793102001	-0.451631186
es02	Native	750	367	3	22	43	19	21.6	168	62.8	4	17.6	21	12.5	10.45	0.01223	14	2.94317	0.287234233	0.384849046	-1.330748065	0.318532881	1.43613343	-0.74055707
es02	Native	750	368	3	22	38	15	19.8	148	61.8	4	18.2	39	12.5	9.7	0.01107	13	1.16827	0.546210494	0.537057743	-0.593542243	0.28885369	0.681451463	-0.483319777
az04	Invasive	750	369	3	22	36	15	23.5	92	72.3	3	29.6	34	16	8.65	0.01573	7	1.86518	0.491627299	0.498023649	-1.223986004	0.874097678	0.663535465	1.102109922
pal	Native	750	370	3	22	45	8	25.2	79	77.5	3	48.4	44	16.5	12.85	0.02893	10	1.72708	0.709412685	0.574502207	-1.387811495	1.498833696	-0.802019652	0.935025466
az04	Invasive	450	371	3	22	36	11	28.2	108	64.2	5	19.4	41	13.5	14.2	0.00883	13	1.53797	0.451717366	0.552203359	-1.399422941	0.129541268	0.808249917	-0.180671783
az04	Invasive	250	372	3	22	36	13	38.8	158	10.5	1	1.2	5	12.5	19.55	0.00937	17	5.35315	0.093279865	0.184226143	-1.353236114	-4.545030087	2.210308746	-0.819800447
pk03	Landrace	450	373	3	22	11	13	32.3	49	45.6	5	15.6	45	13.5	15.55	0.04803	10	0.73865	1.041779338	0.58183447	-1.442473999	-0.937822291	-2.3245066	1.640593952
ca07	Invasive	250	374	3	22	64	11	40.3	49	44.9	7	16.4	47	13.5	15	0.01433	11	3.52649	0.412006964	0.596363131	-2.131833123	-0.55443455	0.29282709	0.638669014
pk03	Landrace	250	375	3	22	3	13	25.2	94	34.4	4	12.3	32	9	14.1	0.031	8	0.608	0.906581089	0.48185929	-0.340096706	-1.258148723	-0.880052071	1.45808813
es01	Native	450	376	3	27	22	39	28.9	244	45.9	9	16.5	49	13	15.6	0.03683	16	12.99533	0.356711909	0.610725964	-3.799001744	-0.041145163	-0.178114911	-2.116231823
az01	Invasive	450	378	3	27	1	14	20.2	110	25.2	4	4.5	5	12.5	12.65	0.03167	17	1.74165	0.29285864	0.184226143	-0.200388998	-1.919180176	0.415170501	0.115432085
az01	Invasive	250	379	3	28	1	7	20.7	220	34.6	5	15.3	23	13.5	10.05	0.0146	11	1.3642	0.460552168	0.403772023	0.335920262	-0.501463413	1.332679674	-0.811540877
az01	Invasive	750	381	3	28	91	10	21.6	83	66.1	3	22.5	40	12	11.15	0.02517	15	0.2932	1.075935819	0.544660518	-0.091484085	0.174274656	-1.464425621	0.53262071
pk03	Landrace	450	382	3	28	235	14	19.3	69	42.9	4	13.7	31	7	10.4	0.0336	8	0.7584	0.864393049	0.473640497	0.227574225	-0.410861879	-2.032702077	-1.396546605
pk03	Landrace	450	382	3	35	235	14	19.3	69	42.9	4	13.7	31	7	10.4	0.03167	23	16.01823	0.242690085	0.473640497	2.154002994	0.105638229	-3.198961878	1.084994882
pk03	Landrace	750	383	3	35	235	12	17.3	72	44.6	2	12.9	19	4.2	4.1	0.0289	8	0.0509	1.275250951	0.365155895	2.164891008	-0.542003907	-1.277088898	2.223157936
pk03	Landrace	250	384	3	35	235	14	22.4	70	42.3	6	15.9	42	9	7.15	0.03173	9	0.66734	0.954959574	0.559689341	0.178490709	-0.009494084	-1.318107464	1.436037378
ma01	Native	250	385	3	35	116	13	20.8	145	30.4	5	5.8	18	15.5	12.85	0.01923	13	0.95386	0.542180926	0.354978993	-0.34842677	-1.678677455	0.574838584	0.020515571
ma01	Native	450	386	3	35	116	19	26.2	122	53.2	5	14.7	43	21.5	11.9	0.02477	18	1.83489	0.651067316	0.567121371	-1.962052118	-0.531242103	-0.720625864	-0.69104068
ma01	Native	250	387	3	35	116	16	11.3	200	34.5	11	9.5	46	4	8.7	0.01677	10	2.02858	0.552583223	0.589120652	0.66774581	0.271959741	0.598271745	-0.704648943
es02	Native	450	389	3	35	251	13	9.5	176	39.8	8	12.3	39	13.5	10.35	0.04437	15	1.56957	0.809780553	0.537057743	0.162428239	0.009837081	-1.411779216	-0.555135711
es02	Native	750	390	3	35	251	14	19.8	153	58.1	8	18.9	34	13.5	9.35	0.01687	14	1.72642	0.52288558	0.498023649	-0.779255762	0.721528005	0.414382237	-0.550226774
ca07	Invasive	250	391	3	35	60	9	19.3	150	18.5	2	2.5	120	12.5	9.85	0.0098	13	0.024	1.428899272	1.11389446	1.809381341	-3.11850203	-1.830859634	-0.759852342
ca07	Invasive	750	392	3	35	60	9	19.4	113	61.7	4	22.6	58	13.5	10.05	0.02847	14	0.44874	1.090252452	0.673734002	0.044622488	0.396894898	-1.746491257	0.134093054
pk02	Landrace	750	393	3	35	14	12	19.4	83	44.7	5	16.4	36	11	8.35	0.0306	10	0.0984	1.280374491	0.513856276	0.62920332	-0.308025433	-1.758279358	1.520192995
pk02	Landrace	250	394	3	35	14	14	18.4	121	23.8	4	0.8	24	11.5	9.6	0.01517	9	0.63592	0.647745904	0.412979414	0.713179455	-2.314325349	0.605851503	0.790160867
pk02	Landrace	450	395	3	35	14	11	28.6	89	45.4	5	19.4	36	13	14	0.02867	10	1.16788	0.754524002	0.513856276	-1.072325738	-0.443409761	-0.701682165	0.994347478
es02	Native	750	396	3	35	119	18	25.4	153	57.9	5	20.4	24	15	13.85	0.011	14	2.536	0.312102024	0.412979414	-1.961329763	0.063443444	1.345852104	-0.619430651
es02	Native	450	397	3	35	119	14	13.2	192	32.8	5	17.4	19	14.5	9	0.01233	8	1.76573	0.349310372	0.365155895	0.022776698	-0.263858844	1.796003532	-0.065087842
pk03	Landrace	450	400	3	35	68	13	16.4	62	33.3	13	17.2	30	4	10.05	0.02943	8	0.4171	0.968625463	0.465323358	0.704756253	0.34069067	-1.00706669	1.853838359
pal	Native	750	401	3	35	18	12	18.1	164	47.1	3	22.1	19	12.5	8.5	0.00833	8	0.74173	0.432730692	0.365155895	0.180870182	-0.038821858	1.801202613	0.285866656
pk03	Landrace	250	402	3	35	65	9	18.1	80	30.4	4	11.7	25	11.5	13.1	0.02917	11	0.07075	1.268844356	0.422033045	0.846445694	-1.48514693	-1.538484128	1.575844266
pal	Native	250	403	3	35	18	14	12.3	198	37.5	4	13.3	34	14.5	7.15	0.011	8	1.226	0.504622457	0.498023649	0.448973032	-0.38903663	1.345075535	-0.300606184
pk03	Landrace	250	405	3	35	68	7	21.6	68	43.2	3	20.6	29	5	11.25	0.0345	10	0.0995	1.265310419	0.456901867	1.249902384	-0.393807462	-1.838756828	1.808459239
pk02	Landrace	750	406	3	35	105	5	19.5	12	39	5	9.9	26	11	9.35	0.0033	20	11.1142	0.087637645	0.430943202	0.238899855	-0.035769064	-0.686165094	1.825327395
pk02	Landrace	750	406	3	38	105	5	19.5	12	39	5	9.9	26	11	9.35	0.0033	20	11.1142	0.087637645	0.430943202	1.447304108	-0.779499596	1.521870179	-0.361407923
pk02	Landrace	750	406	3	40	105	5	19.5	12	39	5	9.9	26	11	9.35	0.0033	20	11.1142	0.087637645	0.430943202	0.238899855	-0.035769064	0.409379031	-0.599044484
pk02	Landrace	750	406	3	40	105	5	19.5	12	39	5	9.9	26	11	9.35	0.0033	20	11.1142	0.087637645	0.430943202	2.975662334	-0.182748904	-0.686165094	1.825327395
pk02	Landrace	750	406	3	41	105	5	19.5	12	39	5	9.9	79	5	5.55	0.00633	17	14.29993	0.184867732	0.815617901	1.447304108	-0.779499596	-2.99803978	0.712310377
pk02	Landrace	450	407	3	41	105	7	20.8	112	30.2	5	7.3	14	10.5	10.25	0.01043	6	0.25398	0.648753576	0.311543833	1.11981419	-1.339172367	1.268964007	1.510893862
az04	Invasive	750	408	3	41	63	4	18.8	79	63.2	3	18.4	29	10	10.2	0.02083	15	0.69593	0.750037927	0.456901867	1.010954241	0.32629277	-0.483264131	0.437561909
pk03	Landrace	750	409	3	41	85	8	19.2	81	59.8	3	23.1	32	11.5	9.9	0.02417	14	0.62656	0.837952019	0.48185929	0.316084236	0.325498706	-0.808666958	0.607845819
pk03	Landrace	450	410	3	41	85	11	18.8	96	59.3	3	19.2	10	11.5	9.7	0.02327	10	1.1673	0.419927073	0.262052868	-0.052040259	0.19265372	0.734651942	1.112876727
pk03	Landrace	250	411	3	41	85	10	25.7	174	30.4	7	9.5	10	17.5	12.55	0.00383	6	1.4617	0.160479467	0.262052868	-0.687965633	-1.24495533	3.07148023	0.391495526
pk03	Landrace	450	412	3	41	65	8	26.3	68	43.1	5	11.5	41	11.55	11.8	0.03843	10	0.02437	1.447065915	0.552203359	0.579252901	-1.130414392	-2.538026869	1.795595
pk03	Landrace	750	413	3	41	65	10	35.3	56	42.3	5	14.3	32	5	3.7	0.04107	10	0.08576	1.320695342	0.48185929	1.100535429	-0.306608462	-2.312179772	1.969553482
pk03	Landrace	450	414	3	41	85	12	17.5	87	54.3	4	16.2	120	0	2.85	0.0243	20	8.284	0.535477824	1.11389446	1.34902514	1.637855533	-1.691583388	-1.605480505
pk02	Landrace	450	415	3	41	105	14	19.4	94	40.3	5	10.5	18	10.5	12.4	0.01987	9	1.24234	0.492462865	0.354978993	-0.323037548	-0.734681472	0.63133796	1.118744022
ca04	Invasive	250	417	3	41	80	7	18.1	134	57.6	5	19.3	28	16.5	6.95	0.01423	13	0.40156	0.783448158	0.448369509	0.600416358	0.428599943	0.181452264	0.100431271
utp	Landrace	750	418	3	41	216	8	27.4	95	41.1	5	12.2	12	8	12.75	0.0125	7	0.85	0.397699415	0.287744585	0.029690428	-0.710235546	1.501035223	1.393195255
utp	Landrace	250	419	3	41	216	3	9.8	47	95	29	34.6	120	2.5	5.55	0.00633	23	0.0404	1.344138545	1.11389446	2.378516741	3.812593928	-2.313210511	-1.11223431
ca04	Invasive	750	420	3	41	272	6	19.4	127	55.2	4	19.4	19	15	11.4	0.0311	14	1.5091	0.559135485	0.365155895	0.007777612	0.164131619	-0.195547814	0.186806201
ca04	Invasive	250	421	3	41	272	8	22.4	127	28.1	6	1.2	7	14.5	10.75	0.01817	13	0.27281	0.59909186	0.218482443	0.775357189	-2.130981794	0.743645144	0.539845834
ca04	Invasive	450	422	3	41	7	8	16.3	109	46.7	1	1.1	13	7.5	8	0.01217	12	0.24179	0.680147595	0.299851431	2.097685044	-2.157211337	0.767781872	0.713677166
es01	Native	250	423	3	41	8	12.2	12.4	51	93.5	29	48.4	85	0	10.35	0.0033	17	8.6195	0.178475877	0.856103374	0.734405162	2.992884052	0.764269812	-1.052538314
es01	Native	250	425	3	41	262	7	10.9	172	29.5	4	11.1	17	5	8.75	0.0392	14	0.6336	0.798014887	0.344555116	2.043229704	-0.528884708	-0.731417713	-0.017325299
es01	Native	450	426	3	41	61	15	18.5	195	49.2	21	27.5	11	14.5	7.45	0.0336	15	3.4304	0.317161001	0.275167864	-1.080333191	1.679220547	0.573060447	-0.738076874
es01	Native	750	427	3	41	61	9	23.7	71	49.8	5	27.3	41	6	12.25	0.03003	11	0.06877	1.338718644	0.552203359	0.462481138	0.224978431	-2.020165847	1.460839975
pal	Native	250	428	3	41	18	8	13.3	49	91.3	13	39.2	120	2	5.55	0.00937	17	0.0756	1.317085196	1.11389446	1.467091551	3.343181154	-2.209183637	-0.342894147
nv04	Invasive	450	429	3	41	285	15	25.3	107	42.5	6	10.3	52	15.5	12.95	0.01403	16	0.67044	0.80651873	0.631996165	-0.98275701	-1.017961491	-0.507739315	-0.373081432
pal	Native	750	430	3	41	107	11	28.6	150	91.3	4	34.6	55	2.5	3.7	0.02563	11	2.39035	0.654881533	0.652983284	0.038435946	2.593829827	-0.469758193	-0.21319525
pal	Native	450	431	3	41	107	16	21.3	149	90.1	3	31.5	24	16	10.75	0.0194	15	2.5344	0.40492988	0.412979414	-1.708439209	1.36147958	0.600120918	-0.536127707
es01	Native	450	433	3	41	48	10	20.1	12	88.7	21	34.6	79	10.5	9.7	0.00633	20	0.69993	0.701733284	0.815617901	-0.794497678	2.750274172	-0.664545885	-0.547812592
nv06	Invasive	450	434	3	41	113	8	12.4	157	69.3	7	22.1	45	8.5	9.25	0.04277	17	1.07535	0.928910565	0.58183447	0.547533309	1.488756925	-1.843597087	-0.601936759
az01	Invasive	250	435	3	41	239	5	13.3	153	36.5	4	7.4	20	10.5	7.3	0.02457	13	0.0086	1.439268656	0.375106529	2.616018006	-1.113742929	-1.322507411	0.702260271
az01	Invasive	450	436	3	41	239	7	10.6	51	95	25	39.2	85	8.5	3.05	0.03167	20	0.10805	1.373068888	0.856103374	1.259689829	3.801371574	-3.2883196	-0.098144244
pal	Native	450	437	3	41	107	13	18.2	153	101.2	4	39.2	52	15.5	9.65	0.0313	10	2.0724	0.725144326	0.631996165	-1.365878944	2.279859001	-0.751012926	0.048379209
ca07	Invasive	250	438	3	41	296	9	6.2	175	34.2	5	5.8	18	2	10.35	0.0033	17	0.6406	0.295588099	0.354978993	2.238773969	-0.430406654	2.096150495	-1.291316892
ca04	Invasive	450	439	3	41	272	7	20.6	128	36.5	5	8.5	79	0	5.55	0.00937	20	6.55977	0.324078951	0.815617901	1.779474384	0.472142607	0.202233663	-1.940787157
utp	Landrace	450	440	3	41	216	12	5.8	202	88.7	25	39.2	79	2.5	5.55	0.00937	20	14.05977	0.225549056	0.815617901	-0.087712166	4.668762685	0.710854749	-2.888364475
ca07	Invasive	750	441	3	41	296	10	20.5	141	45.1	5	13.3	37	12	9.5	0.01323	16	1.21049	0.566410988	0.521659182	0.081522109	-0.253408117	0.35159362	-0.736547467
ca07	Invasive	450	442	3	41	296	9	11.8	150	70.8	5	23.2	46	14	8.2	0.03213	18	1.62202	0.762157538	0.589120652	0.164724286	1.327370297	-1.191736465	-0.892144493
ca07	Invasive	250	600	1	41	228	6	13.2	171	88.7	13	1.5	85	2.5	2.85	0.02387	6	0.07105	1.385804606	0.856103374	1.299018305	4.370342446	-1.705799051	0.532049994
ca07	Invasive	450	601	1	41	228	8	17.5	186	37.1	5	5.8	7	8.5	10.1	0.00823	14	1.44239	0.197252844	0.218482443	0.852421725	-0.809906521	2.3180149	-0.741019609
ca07	Invasive	750	602	1	41	228	8	23.8	167	72.5	4	19.8	26	5	11.85	0.02423	16	0.57002	0.810391904	0.430943202	0.203214727	0.686826082	-0.389559437	-0.524726337
nv04	Invasive	250	603	1	41	278	5	2.5	175	25.1	1	2.8	0	2.5	3.7	0.00937	20	0.4	0	0	4.51346708	-1.571908234	2.618641989	-1.187720694
nv04	Invasive	750	604	1	41	278	12	17.9	182	57.2	4	20.2	24	6	9.2	0.02013	17	0.61688	0.72444732	0.412979414	0.450981843	0.523929208	0.034856951	-0.909396344
az01	Invasive	250	605	1	41	239	8	22.5	168	55.2	6	8.3	28	4	10.8	0.0033	13	0.8076	0.326169026	0.448369509	0.697323188	-0.01552667	2.009605579	-0.837863733
az01	Invasive	450	606	1	41	239	11	25.4	154	81.5	6	21.2	43	8.5	12.6	0.01733	16	2.15481	0.53160125	0.567121371	-1.121341897	1.180404734	0.126561916	-0.962921426
az01	Invasive	750	607	1	41	239	9	17.8	178	78.5	9	23.5	53	4.5	13.2	0.04137	17	1.10739	0.952943365	0.639020922	-0.156471617	1.702784343	-1.855761563	-0.953459343
ma01	Native	450	609	1	41	224	10	8.9	159	38.1	4	13.4	10	4	11.35	0.01853	14	0.8147	0.445007738	0.262052868	1.405635183	-0.155041495	0.997012893	-0.176448775
es01	Native	450	611	1	41	135	7	17.5	183	45.5	5	13.4	27	9.5	13.2	0.02397	18	0.85281	0.716641673	0.439719199	0.449532508	-0.31140135	-0.253837125	-1.078284484
pk02	Landrace	750	612	1	41	129	15	32	174	66.5	25	27.9	65	7	15.8	0.0301	13	1.8435	0.800268777	0.721465707	-2.213646808	1.558367432	-1.079406567	-0.745467535
ma01	Native	250	613	1	41	224	4	16.9	168	41.5	4	8.5	18	4	8	0.00633	10	0.68606	0.386978821	0.354978993	2.208789725	-0.282023318	1.972529702	-0.108071925
ma01	Native	750	614	1	41	292	7	19.8	177	58.7	5	15.8	33	12	10.85	0.02007	16	0.13769	1.14300252	0.48998529	0.593311938	-0.023093721	-0.853776777	-0.523120539
pk02	Landrace	250	615	1	41	129	12	12.7	179	19.5	6	3.9	5	7.5	9	0.00373	3	0.48135	0.194353329	0.184226143	1.469873377	-1.523045664	3.399024958	1.031862271
pk02	Landrace	450	616	1	41	129	15	23.5	154	48.5	12	10.5	55	5.5	12.6	0.0274	9	1.493	0.787731505	0.652983284	-0.628298324	0.147663503	-0.665734304	0.163027625
es01	Native	450	617	1	41	262	7	13.5	47	36.2	4	25.9	16	2.5	2.85	0.01077	11	1.32768	0.34578947	0.333860465	2.323438159	1.107689751	1.2043392	1.104536822
ma01	Native	750	618	1	41	224	8	9.3	49	49.3	4	14.5	17	4	2.85	0.0151	11	0.5433	0.602201761	0.344555116	2.535428201	0.822677981	0.448722156	1.334009139
ma01	Native	250	620	1	41	292	3	4.3	49	35.2	4	10.5	35	2.5	5.55	0.01067	2	0.00655	1.439127048	0.505979156	4.438578927	-0.144451056	-0.564999711	3.127100951
nv04	Invasive	450	623	1	41	278	14	14.3	182	49.2	7	13.2	27	2	10.35	0.02683	14	0.77559	0.768334852	0.439719199	0.7825598	0.497521008	-0.290918411	-0.462311013
ca02	Invasive	750	624	1	41	49	7	24.2	178	69.6	5	19.7	32	4	3.7	0.03087	15	0.41216	0.997283222	0.48185929	1.389645477	1.321415302	-1.051633919	-0.409357613
az04	Invasive	250	628	1	41	72	4	9.4	47	93.7	21	1.8	85	2	5.35	0.0033	17	0.0195	1.312999324	0.856103374	3.055138154	1.619440897	-1.286129799	-0.049730521
az04	Invasive	750	629	1	41	72	10	29.6	156	95	12	33.2	79	9.5	14.35	0.0336	17	2.1456	0.83849792	0.815617901	-1.939125035	2.225086163	-1.769035763	-1.187782085
es01	Native	750	630	1	42	135	12	16.4	47	78.3	20	30.8	65	4	19	0.03367	20	2.41145	0.761160411	0.721465707	-1.397218452	2.298467828	-2.040117455	-0.322440277
es01	Native	750	631	1	42	262	8	39	179	88.5	4	25.5	49	2	2.85	0.02847	13	1.00497	0.867022734	0.610725964	0.422357134	1.882102705	-0.87508047	-0.544225924
pal	Native	250	632	1	42	297	10	12.3	187	42.4	3	12.2	20	9.5	11.7	0.01613	9	0.9774	0.521464384	0.375106529	0.711092764	-0.601548239	1.149676197	0.012905103
pal	Native	750	633	1	42	297	14	15.7	185	74.9	7	21	42	10	14.95	0.02323	17	1.92434	0.618765182	0.559689341	-1.131678105	1.094032212	-0.241695979	-1.311438212
ca07	Invasive	750	701	2	42	228	6	9.5	47	49.2	3	21.8	16	0	5.55	0.02523	14	0.99632	0.566847949	0.333860465	2.881952843	1.278535932	-0.178814418	1.025228108
ca07	Invasive	250	703	2	42	228	9	9.7	164	60.6	4	12.9	18	7	8.45	0.02317	18	0.28294	0.881794209	0.354978993	1.492760079	0.389805456	-0.411395416	-0.542973554
ca04	Invasive	750	704	2	42	147	5	5.8	185	37.3	1	22.2	13	0	2.85	0.00937	23	7.17819	0.129537435	0.299851431	3.431668864	0.89386638	1.738761525	-2.104994488
ca04	Invasive	750	704	2	42	147	5	5.8	185	37.3	1	22.2	13	0	2.85	0.00937	23	7.17819	0.129537435	0.299851431	3.982737869	0.554702691	1.738761525	-2.104994488
es01	Native	250	705	2	42	135	15	22.3	184	29.5	7	5.7	23	12.5	12.75	0.01763	14	1.39451	0.494541925	0.403772023	-0.569883373	-1.411278077	0.766555847	-0.732302794
es01	Native	750	706	2	42	135	7	15.2	193	53.3	5	14.4	24	8.5	7.5	0.0183	16	0.7608	0.649739918	0.412979414	1.178655002	0.43216289	0.369973728	-0.990883369
ca02	Invasive	250	707	2	42	49	5	11.4	173	47.5	5	12.4	22	6	10.65	0.0255	15	0.039	1.312999324	0.394399469	2.204736345	-0.161871302	-1.197317861	0.055463259
ca02	Invasive	750	708	2	42	49	8	21.9	178	61.6	4	20.3	26	4.5	10.05	0.02143	17	0.94282	0.65539155	0.430943202	0.525380874	0.685210903	0.032166793	-0.945593855
ma01	Native	250	709	2	42	292	4	8.1	47	46.8	3	12.2	15	5.5	5.15	0.01723	10	0.34155	0.715924835	0.32286746	3.022955988	0.22813929	0.213626108	1.662623803
pk02	Landrace	450	710	2	42	129	10	14.6	160	62.3	9	13.3	50	2.5	14.4	0.02903	8	1.2485	0.823026264	0.617850572	0.309874299	0.865510863	-0.649447107	0.35945894
pk02	Landrace	750	711	2	42	129	20	36.3	181	52.5	21	12.8	64	6	14.85	0.01673	9	2.92928	0.543784155	0.714692953	-2.305872852	0.335716086	0.326474536	-0.584459569
pk02	Landrace	250	712	2	42	129	4	10.8	169	37.5	6	8.8	26	0	3.7	0.0162	7	0.1788	0.993340855	0.430943202	3.967679824	0.510956137	0.210197617	0.8185076
es02	Native	750	713	2	42	151	9	15.5	188	62.5	5	19.8	40	11.5	6.2	0.01397	14	1.8412	0.503538738	0.544660518	0.435274972	1.075672944	0.68075248	-1.107407021
pal	Native	750	715	2	42	297	5	13.2	49	54.9	4	19.2	31	4	5.55	0.01837	15	0.73053	0.723292433	0.473640497	2.149632713	1.025158812	-0.448894968	0.644563538
ca04	Invasive	250	716	2	42	147	6	5.8	172	51.3	2	11.5	11	5	5.55	0.03747	14	0.18783	0.977003397	0.275167864	3.018929176	-0.006500806	-0.831787114	0.265217102
ca04	Invasive	450	717	2	42	147	18	23.8	170	42.1	7	8.2	31	1.5	12.35	0.01383	9	1.37127	0.50984309	0.473640497	-0.138116965	-0.341889526	1.017933339	-0.027921604
nv04	Invasive	250	718	2	42	278	6	7.1	168	37.2	3	5.2	9	2	3.05	0.02137	14	0.00767	1.373690969	0.24831354	4.22704504	-0.598013427	-0.754361899	0.565651053
nv04	Invasive	750	719	2	42	278	9	13.2	167	93.5	29	30.2	85	4	3.7	0.03167	20	8.50805	0.512385477	0.856103374	0.067465089	4.233912639	-1.26808298	-2.068718761
nv04	Invasive	450	720	2	42	278	9	11.5	165	65.5	5	23.5	40	6.5	10.5	0.02613	18	1.0548	0.783112441	0.544660518	0.605666162	1.253573425	-0.788773717	-1.008413688
ma01	Native	750	721	2	42	224	11	22.2	168	66.3	9	16.8	59	14	10.65	0.01613	19	1.44833	0.681174204	0.680605821	-0.84796968	0.748892948	-0.393708869	-1.632144961
ma01	Native	250	722	2	42	224	4	19.3	172	36.5	3	4.2	12	9	9.1	0.03167	15	0.01996	1.345512445	0.287744585	2.415050828	-1.717849733	-1.319128517	0.370575526
az04	Invasive	750	723	2	42	72	8	21.4	167	70.8	4	21.6	42	8	11.25	0.0249	15	0.6542	0.901618345	0.559689341	0.110997197	0.724588758	-0.814706239	-0.575082161
az04	Invasive	450	724	2	42	72	12	12.4	178	61.2	8	17.5	48	8	8	0.02833	16	1.54016	0.75428844	0.603564178	0.342771468	1.220493203	-0.809248147	-1.023499184
az04	Invasive	250	725	2	42	72	5	10.6	165	53.1	4	10.9	26	6	5.9	0.02267	14	0.21058	1.032056668	0.430943202	2.528521573	0.282947244	-0.615650207	-0.056829173
es01	Native	450	726	2	42	135	13	23.5	174	65.2	11	20.3	61	11	8.45	0.0203	17	2.6617	0.598595532	0.694290812	-0.945888916	1.317057647	-0.382166286	-1.495693624
es02	Native	250	727	2	42	151	6	7.2	12	93.7	25	25.5	79	7.5	8.8	0.00633	17	0.04993	1.264740387	0.815617901	1.303866997	2.862538966	-1.528844056	0.320555448
es02	Native	450	728	2	42	151	13	28.4	51	40.5	8	10.6	35	12.5	11.25	0.02433	19	2.24845	0.551672275	0.505979156	-1.006110568	-0.537022583	-0.716596021	-0.056996463
utp	Landrace	250	729	2	42	200	5	6.5	200	45.2	4	16.1	24	2.5	2.85	0.02573	6	0.28248	0.976123176	0.412979414	3.461149692	0.9315946	-0.025206657	0.724946637
nv04	Invasive	450	801	3	42	278	9	13.2	157	72.5	10	29.3	53	15	13.8	0.03903	20	3.03141	0.69043414	0.639020922	-1.028657466	1.761463757	-1.529723157	-1.337481282
nv04	Invasive	750	802	3	42	278	7	5.8	161	89.6	15	36.5	60	5.5	11.95	0.03813	18	1.5122	0.888172985	0.687457607	0.374149543	3.301436006	-1.831440429	-1.059949361
ca04	Invasive	450	803	3	42	147	7	22.1	163	62.5	7	15.5	51	10	13.05	0.03483	17	3.22367	0.638562665	0.624939998	-0.524607842	0.622766685	-1.056765116	-1.067120432
ca02	Invasive	250	804	3	42	49	6	9.3	159	40.1	7	11.5	31	10.5	9.9	0.03333	13	0.36677	1.033472911	0.473640497	1.577986544	-0.091337338	-1.19135115	0.156125661
ca02	Invasive	750	805	3	42	49	8	13.2	162	65.6	5	17.2	32	2.5	3.7	0.03223	15	0.26864	1.098891782	0.48185929	2.205210652	1.38507862	-1.36751025	-0.123396703
pal	Native	750	806	3	42	194	5	5.8	157	83.5	7	26.8	66	2.5	3.05	0.03363	19	2.58042	0.74777517	0.728226685	2.191912511	3.215717179	-1.534656641	-1.376613427
pal	Native	450	807	3	42	194	13	19.8	164	87.8	4	32.2	51	0	10.35	0.0289	11	1.2261	0.831351719	0.624939998	0.28579553	2.276849031	-0.822419122	-0.140105249
pk02	Landrace	450	808	3	42	129	9	16.4	47	45.6	9	25.4	60	4	2.85	0.03903	12	1.7582	0.856811446	0.687457607	1.372495196	1.740299896	-1.969769389	0.93679066
pk02	Landrace	250	809	3	42	129	4	20.5	153	45.6	6	12.6	43	8	7.15	0.01793	9	0.92901	0.738854503	0.567121371	1.466400407	0.206992719	0.086151026	0.215808703
pk02	Landrace	750	810	3	42	129	11	27.5	156	52.5	13	28.5	69	8.5	12.5	0.03247	13	1.45957	0.891719223	0.748451799	-1.069302753	1.088456714	-1.484264082	-0.488332366
az04	Invasive	250	811	3	42	72	5	19.8	155	61.1	4	7.3	32	7	10.15	0.02307	16	0.56176	0.85348532	0.48185929	1.21464817	-0.19850138	-0.572734848	-0.466162332
ca07	Invasive	250	812	3	42	228	10	8.4	164	56.2	5	15.4	32	12	6.65	0.03173	15	0.68464	0.883292997	0.48185929	1.085779294	0.640495366	-0.949188901	-0.334456944
ca07	Invasive	750	813	3	42	228	7	18.7	164	71.4	4	25.5	31	5	3.7	0.0329	17	0.7801	0.852207902	0.473640497	1.3896922	1.693368762	-1.02806829	-0.600954535
ca07	Invasive	450	814	3	42	228	9	23.9	153	68.5	5	24.8	48	12.5	10.4	0.02097	15	1.89344	0.629998014	0.603564178	-0.707903923	0.950731345	-0.281384897	-0.77057189
ma01	Native	750	815	3	42	224	15	7.1	174	68.8	9	30.2	78	0	2.85	0.03917	17	1.34474	0.985037875	0.808896746	1.777742793	3.104013897	-2.175905138	-1.217543272
es01	Native	750	816	3	42	135	14	14.5	177	61.7	14	15.3	52	4	5.55	0.0427	15	1.5796	0.870118764	0.631996165	0.568816838	1.707837365	-1.650158751	-0.721332124
es01	Native	250	817	3	42	135	14	15.5	178	32.5	7	8.5	16	2	10.35	0.01773	11	1.91632	0.36729242	0.333860465	0.781604625	-0.234770254	1.27190638	-0.20101513
az04	Invasive	450	818	3	42	72	7	22.6	142	66.7	5	25.8	38	11.5	12.05	0.01557	16	1.10834	0.630990923	0.529391781	-0.355247195	0.851442974	0.07908862	-0.682241902
es01	Native	450	819	3	42	135	7	18.8	156	58.4	4	16.3	32	7	9.5	0.01837	14	0.51216	0.81982536	0.48185929	0.919701075	0.314883025	-0.155522195	-0.282394368
ma01	Native	250	820	3	43	224	11	19.4	172	36.4	7	3.8	6	11	7.5	0.0066	20	1.7604	0.14887328	0.202041803	0.477479853	-0.784801911	2.207966881	-1.399704774
ma01	Native	450	821	3	43	224	8	12.3	168	66.2	8	24.3	42	4	3.7	0.032	14	1.756	0.718749354	0.559689341	1.413478874	2.271600259	-0.764525972	-0.544710198
es02	Native	250	822	3	43	151	12	16.8	179	32	8	9.5	35	15.5	6	0.01863	15	1.94795	0.524508735	0.505979156	0.29382819	-0.361858864	0.36015817	-0.987246906
ma01	Native	450	823	3	43	292	11	31.7	146	62.6	15	14.2	50	11.5	14.15	0.02237	17	3.3815	0.521929262	0.617850572	-1.83308874	0.587629444	-0.321768942	-1.064572417
utp	Landrace	750	824	3	43	200	11	27.9	117	44.5	5	16.5	21	3.5	7.5	0.01403	0	0.80537	0.543970985	0.384849046	0.525722517	0.126611332	1.539639019	2.475831333
pal	Native	450	825	3	43	297	13	18.5	167	73.2	3	26.1	32	15.5	10.45	0.021	15	1.028	0.67991149	0.48185929	-0.755207119	0.686650841	-0.049472089	-0.639159438
utp	Landrace	250	826	1	43	216	5	21.8	131	39.2	5	12	20	10	10.9	0.01677	9	0.0046	1.454216436	0.375106529	1.648139736	-1.051494065	-0.811232459	1.463244214
utp	Landrace	450	827	1	43	200	10	5.8	152	91.3	25	39.2	79	0	3.05	0.0243	17	5.3803	0.538453049	0.815617901	1.274797016	4.968451638	-0.813708761	-1.477571657
pk02	Landrace	750	828	1	43	105	13	5.8	204	93.7	13	34.6	120	4	3.05	0.03167	23	7.3996	0.621817013	1.11389446	0.402626442	4.172769995	-1.827262519	-3.17223986
ca02	Invasive	450	829	1	43	15	13	5.8	227	88.7	25	34.6	148	0	2.85	0.0033	17	10.7116	0.21037151	1.48878122	0.833757851	4.867401575	0.790044328	-3.636183914
pk02	Landrace	450	830	1	43	105	13	17.8	162	45.5	5	13.8	30	0	8.5	0.02603	8	0.0191	1.415659412	0.465323358	2.060404323	0.074479025	-1.235010954	1.129185205
utp	Landrace	250	831	3	43	216	4	13.2	186	88.7	13	25.5	85	2.5	2.85	0.0033	23	7.0195	0.197299647	0.856103374	1.406380512	3.67918307	1.004258083	-3.265491863
es02	Native	750	832	3	44	151	20	17.6	195	61.7	7	23.3	46	15	6.5	0.02533	16	2.03482	0.64778617	0.589120652	-0.974671351	1.136399881	-0.365270316	-1.315134868
es02	Native	450	833	3	44	151	17	5.8	172	95	21	48.4	148	5	10.35	0.00937	20	5.91324	0.450984908	1.48878122	-1.055413143	4.331263294	-0.576244775	-3.054479524
es02	Native	750	835	1	44	151	7	14.5	164	72.5	9	25.9	62	4	3.05	0.02943	17	1.57534	0.822095808	0.701106852	1.411097304	2.570362606	-1.295749062	-1.117175878
utp	Landrace	450	836	3	44	216	8	12.4	51	28.3	9	9.5	20	2.5	5.55	0.0215	4	1.07	0.564996208	0.375106529	2.177593495	0.194875653	0.509339946	2.3835653
es02	Native	450	837	3	44	151	8	17.2	51	58.5	8	21.4	42	2	5.55	0.0352	14	4.3216	0.529234608	0.559689341	0.953838052	1.939876414	-1.044849543	0.569258481
utp	Landrace	750	901	1	44	216	9	15.1	163	52.9	10	20.8	38	2	7.35	0.02447	6	0.01014	1.466747075	0.529391781	2.007299868	1.033130486	-1.265687083	1.328201998
es02	Native	250	902	1	44	151	11	12.4	162	24.4	25	1.5	0	4	28.45	0.00937	17	0.3	0	0	-0.205990153	-1.788712076	2.70625723	-0.646233804
pk02	Landrace	250	904	1	44	105	5	16.8	49	29.3	3	7.2	2	7.5	8.15	0.0019	1	0.5962	0.079666486	0.116117655	2.028833535	-1.196605295	3.572010941	2.826890539
utp	Landrace	450	905	1	44	200	10	11.4	152	49.2	8	25.2	15	4	7.05	0.02873	8	0.36905	0.824124371	0.32286746	1.412168961	1.337295229	-0.036706922	1.063525223
pk02	Landrace	450	906	1	44	105	3	5.8	147	23.8	21	2.3	0	0	3.7	0.0033	20	0.3	0	0	4.512111299	0.408132123	3.025424832	-0.960544192
utp	Landrace	450	908	1	44	216	6	20.2	176	42.8	13	16.4	43	2.5	3.05	0.03793	8	0.46901	1.078572815	0.567121371	2.107602083	1.222861862	-1.321039463	0.565093387
pk02	Landrace	250	909	1	44	105	2	3.2	47	23.5	1	8.8	6	0	10.35	0.01247	3	0.02518	1.045121572	0.202041803	5.158630025	-1.546817663	0.593148989	3.266945813
es01	Native	750	910	1	44	48	8	12.4	49	37.8	2	9.9	16	2	5.55	0.01967	12	0.08528	1.090845166	0.333860465	2.986195097	-0.693769838	-0.720405347	1.678275587
es02	Native	450	911	1	45	151	24	5.8	51	60.5	5	19.8	50	0	10.35	0.0317	11	0.115	1.307680418	0.617850572	1.309802824	1.124930335	-2.252699533	1.506038408
